[0m[38;2;0;0;0m               [38;2;23;14;15m [38;2;89;52;57m.[38;2;140;81;89m:[38;2;179;103;114ml[38;2;209;120;133md[38;2;228;131;145mx[38;2;237;135;150mx[38;2;240;148;141mk[38;2;234;163;123mk[38;2;213;148;112mx[38;2;182;127;96mo[38;2;140;98;74m:[38;2;86;61;46m'[38;2;17;13;10m [38;2;0;0;0m               [0m
[0m[38;2;0;0;0m          [38;2;3;2;2m [38;2;62;36;39m.[38;2;118;68;75m,[38;2;168;96;106mc[38;2;211;121;134md[38;2;236;135;150mx[38;2;237;135;150mxxxx[38;2;239;143;145mk[38;2;243;159;134mO[38;2;245;169;127mO[38;2;245;169;127mOOOOO[38;2;243;168;126mO[38;2;214;148;112mx[38;2;168;122;92ml[38;2;113;99;75m:[38;2;55;50;38m.[38;2;1;1;1m [38;2;0;0;0m          [0m
[0m[38;2;0;0;0m       [38;2;2;1;1m [38;2;76;44;49m.[38;2;158;91;101mc[38;2;225;129;143mx[38;2;237;135;150mxxxxxx[38;2;237;135;150mx[38;2;239;144;144mk[38;2;243;160;133mO[38;2;245;169;127mO[38;2;245;169;127mOOOOOOO[38;2;244;175;132mO[38;2;241;195;146mK[38;2;238;211;158mK[38;2;238;212;159mKK[38;2;221;198;149m0[38;2;150;135;102mo[38;2;67;60;46m.[38;2;2;2;2m [38;2;0;0;0m       [0m
[0m[38;2;0;0;0m     [38;2;6;3;4m [38;2;111;64;71m,[38;2;212;121;135md[38;2;237;135;150mxxxxxxx[38;2;237;135;150mx[38;2;240;146;143mk[38;2;243;162;132mO[38;2;245;169;127mOOOOOOOO[38;2;244;177;133m0[38;2;240;197;148mK[38;2;238;211;159mK[38;2;238;212;159mKK[38;2;238;213;161mK[38;2;238;212;159mK[38;2;238;212;159mKKK[38;2;199;183;137mO[38;2;75;92;65m,[38;2;2;2;2m [38;2;0;0;0m     [0m
[0m[38;2;0;0;0m   [38;2;0;0;0m [38;2;90;52;58m'[38;2;216;124;137md[38;2;237;135;150mx[38;2;237;135;150mx[38;2;237;160;172mO[38;2;238;203;211mX[38;2;238;201;209mK[38;2;238;191;200mK[38;2;238;176;187m0[38;2;237;153;166mO[38;2;240;147;142mk[38;2;244;163;131mO[38;2;245;169;127mOOOOOOOO[38;2;243;179;134m0[38;2;240;199;149mK[38;2;238;212;159mK[38;2;238;215;168mX[38;2;238;225;198mX[38;2;239;233;220mN[38;2;239;238;236mW[38;2;239;241;245mW[38;2;239;234;224mN[38;2;238;213;161mX[38;2;231;213;158mK[38;2;199;215;154mK[38;2;170;218;149m0[38;2;166;218;149m0[38;2;145;191;132mk[38;2;51;67;47m.[38;2;0;0;0m    [0m
[0m[38;2;0;0;0m  [38;2;6;3;4m [38;2;165;95;105mc[38;2;237;135;150mxxx[38;2;237;135;150mx[38;2;238;202;210mK[38;2;239;241;245mWWWWW[38;2;240;231;229mN[38;2;242;203;182mK[38;2;244;185;152m0[38;2;243;194;168mK[38;2;242;202;180mK[38;2;242;207;189mX[38;2;242;210;195mX[38;2;241;212;197mX[38;2;241;211;197mX[38;2;240;217;199mX[38;2;239;227;202mN[38;2;238;224;194mX[38;2;239;229;209mN[38;2;239;240;243mW[38;2;239;241;245mWWWWW[38;2;210;225;186mX[38;2;168;218;149m0[38;2;166;218;149m0000[38;2;166;218;149m0[38;2;103;136;94mc[38;2;2;2;1m [38;2;0;0;0m  [0m
[0m[38;2;0;0;0m [38;2;7;4;4m [38;2;194;111;123mo[38;2;237;135;150mxxxx[38;2;237;135;150mx[38;2;238;190;199mK[38;2;239;241;245mWWWWWWWWWWWWWWWWWWWWWWWW[38;2;199;228;193mX[38;2;166;218;149m000000[38;2;163;216;154m0[38;2;107;154;147mo[38;2;1;2;2m [38;2;0;0;0m [0m
[0m[38;2;2;2;2m [38;2;177;102;113ml[38;2;237;135;150mxxxxx[38;2;238;137;148mk[38;2;241;170;159mO[38;2;239;241;245mW[38;2;239;241;245mWWWWWWWWWWWWWWWWWWWWWWW[38;2;202;229;196mX[38;2;167;218;150m0[38;2;166;218;149m000[38;2;162;216;157m0[38;2;144;206;191mO[38;2;127;197;224mk[38;2;125;196;228mk[38;2;82;128;149mc[38;2;0;0;0m [0m
[0m[38;2;54;32;35m.[38;2;237;135;150mxxxx[38;2;238;138;148mk[38;2;241;153;138mk[38;2;245;167;128mO[38;2;244;182;148m0[38;2;239;237;239mW[38;2;239;241;245mWWWWWWW[38;2;231;233;238mN[38;2;189;191;202m0[38;2;169;171;185mk[38;2;173;176;189mk[38;2;204;206;215mK[38;2;238;240;244mW[38;2;239;241;245mWWWW[38;2;205;207;216mK[38;2;161;164;178mx[38;2;150;152;168md[38;2;165;167;181mk[38;2;212;214;222mX[38;2;239;241;245mWW[38;2;224;236;226mN[38;2;178;222;165m0[38;2;161;215;159m0[38;2;142;205;195mO[38;2;126;197;225mk[38;2;125;196;228mkkk[38;2;125;196;228mk[38;2;18;27;32m [0m
[0m[38;2;169;97;108mc[38;2;237;135;150mxx[38;2;238;139;147mk[38;2;242;154;137mk[38;2;245;168;128mO[38;2;245;169;127mO[38;2;244;182;148m0[38;2;239;237;238mW[38;2;239;241;245mWWWWWWW[38;2;201;203;212mK[38;2;106;109;131mc[38;2;140;143;160mo[38;2;160;163;178mx[38;2;158;161;176mx[38;2;133;136;154mo[38;2;124;127;146ml[38;2;230;232;237mN[38;2;239;241;245mWW[38;2;194;197;207m0[38;2;152;154;170md[38;2;193;196;206m0[38;2;205;208;216mK[38;2;194;196;206m0[38;2;156;159;174mx[38;2;212;215;222mX[38;2;239;241;245mWW[38;2;234;239;240mW[38;2;149;206;229m0[38;2;125;196;228mkkkkkk[38;2;68;106;124m;[0m
[0m[38;2;231;132;147mx[38;2;238;140;147mk[38;2;242;156;136mk[38;2;245;168;128mO[38;2;245;169;127mOO[38;2;245;169;127mO[38;2;240;225;220mN[38;2;239;241;245mWWWWWWWW[38;2;221;223;229mX[38;2;234;236;241mN[38;2;239;241;245mWWWW[38;2;233;235;240mN[38;2;237;239;243mW[38;2;239;241;245mW[38;2;238;240;244mW[38;2;233;235;240mN[38;2;235;237;241mN[38;2;239;241;245mWWWWWWWW[38;2;219;233;242mN[38;2;125;196;228mk[38;2;125;196;228mkkkk[38;2;131;193;229mk[38;2;127;140;186md[0m
[0m[38;2;216;141;121mx[38;2;245;169;127mO[38;2;245;169;127mOOOO[38;2;244;179;143m0[38;2;239;241;245mWWWWWWWWWWWWWWWWW[38;2;170;172;186mk[38;2;100;103;125m:[38;2;91;93;118m;[38;2;184;186;197mO[38;2;239;241;245mWWWWWWWWW[38;2;135;200;230mO[38;2;125;196;228mkk[38;2;133;192;230mk[38;2;166;176;238mO[38;2;195;162;245mO[38;2;138;112;172ml[0m
[0m[38;2;115;80;60m;[38;2;245;169;127mOOOOO[38;2;244;183;150m0[38;2;239;241;245mWWWWWWWWWWWWWWW[38;2;236;238;242mW[38;2;203;205;214mK[38;2;223;225;231mX[38;2;205;207;215mK[38;2;154;157;172mx[38;2;173;175;188mk[38;2;172;175;188mk[38;2;227;229;235mN[38;2;239;241;245mWWWWWW[38;2;233;238;244mN[38;2;128;197;228mO[38;2;135;191;231mk[38;2;169;174;239mO[38;2;196;161;245mO[38;2;198;160;246mOO[38;2;66;53;82m.[0m
[0m[38;2;9;6;5m [38;2;245;169;127mOOOO[38;2;244;175;131mO[38;2;241;196;149mK[38;2;239;239;238mW[38;2;239;241;245mWWWWWWWWWWWWWWW[38;2;216;219;226mX[38;2;182;184;196mO[38;2;186;189;200mO[38;2;225;227;233mN[38;2;228;230;236mN[38;2;238;240;244mW[38;2;239;241;245mWWWWWWW[38;2;189;210;239mK[38;2;172;173;240mO[38;2;197;161;246mO[38;2;198;160;246mOOO[38;2;195;157;242mO[38;2;49;49;49m [0m
[0m[38;2;2;2;2m [38;2;63;44;33m.[38;2;245;169;127mO[38;2;244;176;132m0[38;2;241;196;147mK[38;2;238;211;158mK[38;2;238;212;159mK[38;2;238;222;187mX[38;2;239;241;244mW[38;2;239;241;245mWWWWWWWWWWWWWWWWWWWWWWWWW[38;2;238;240;245mW[38;2;218;199;245mK[38;2;198;160;246mO[38;2;198;160;246mOOOOO[38;2;30;24;37m [38;2;0;0;0m [0m
[0m[38;2;0;0;0m [38;2;14;14;14m [38;2;70;57;43m.[38;2;238;212;159mK[38;2;238;212;159mKKK[38;2;238;212;159mK[38;2;238;219;181mX[38;2;239;236;231mN[38;2;239;241;245mWWWWWWWWWWWWWWWWWWWWWW[38;2;239;241;245mW[38;2;227;217;245mX[38;2;206;175;246m0[38;2;198;160;246mOOOOOO[38;2;36;29;45m.[38;2;7;7;7m [38;2;0;0;0m [0m
[0m[38;2;0;0;0m  [38;2;13;13;13m [38;2;9;8;6m [38;2;238;212;159mKKK[38;2;238;212;159mK[38;2;238;212;159mK[38;2;229;213;159mK[38;2;201;224;181mK[38;2;215;233;213mX[38;2;235;240;239mW[38;2;239;241;245mWWWWWWWWW[38;2;239;239;244mW[38;2;239;239;243mW[38;2;239;241;245mWWWWWW[38;2;238;239;245mW[38;2;218;199;246mK[38;2;204;172;246mO[38;2;198;160;246mOOOOOO[38;2;186;150;231mk[38;2;111;111;111m [38;2;6;6;6m [38;2;0;0;0m  [0m
[0m[38;2;0;0;0m   [38;2;0;0;0m [38;2;79;79;79m [38;2;88;78;59m,[38;2;238;212;159mK[38;2;227;213;157mK[38;2;193;216;153m0[38;2;167;218;149m0[38;2;166;218;149m00[38;2;201;229;195mX[38;2;239;241;245mWWWWWWWWW[38;2;236;182;189m0[38;2;230;75;89ml[38;2;232;105;117mo[38;2;234;149;158mk[38;2;233;124;135mx[38;2;231;81;95ml[38;2;237;207;213mX[38;2;239;241;245mWW[38;2;206;175;246m0[38;2;198;160;246mOOOOOO[38;2;51;41;63m.[38;2;56;56;56m [38;2;0;0;0m    [0m
[0m[38;2;0;0;0m     [38;2;10;10;10m [38;2;95;95;95m [38;2;39;51;35m.[38;2;166;218;149m000[38;2;171;220;156m0[38;2;235;240;240mW[38;2;239;241;245mWWWWWWWWW[38;2;238;221;226mN[38;2;231;89;102ml[38;2;232;102;114mo[38;2;235;164;173mO[38;2;236;189;196mK[38;2;234;154;163mk[38;2;238;220;225mX[38;2;239;241;245mWW[38;2;217;198;246mK[38;2;198;160;246mOOOO[38;2;26;21;33m [38;2;75;75;75m [38;2;5;5;5m [38;2;0;0;0m     [0m
[0m[38;2;0;0;0m       [38;2;4;4;4m [38;2;60;60;60m [38;2;128;128;128m [38;2;61;79;55m'[38;2;197;228;189mK[38;2;239;241;245mWWWWWWWWWWWWWWWWWWW[38;2;225;213;245mX[38;2;198;160;246mO[38;2;49;40;61m.[38;2;113;113;113m [38;2;49;49;49m [38;2;1;1;1m [38;2;0;0;0m       [0m
[0m[38;2;0;0;0m          [38;2;5;5;5m [38;2;57;57;57m [38;2;117;117;117m [38;2;168;168;168m [38;2;212;212;212m [38;2;173;174;177mk[38;2;239;241;245mWWWWWWWWWWWW[38;2;147;148;151md[38;2;207;207;207m [38;2;163;163;163m [38;2;105;105;105m [38;2;40;40;40m [38;2;3;3;3m [38;2;0;0;0m          [0m
[0m[38;2;0;0;0m               [38;2;25;25;25m [38;2;87;87;87m [38;2;140;140;140m [38;2;181;181;181m [38;2;212;212;212m [38;2;2;2;2m [38;2;169;170;173mk[38;2;151;152;155md[38;2;231;231;231m [38;2;210;210;210m [38;2;178;178;178m [38;2;135;135;135m [38;2;81;81;81m [38;2;19;19;19m [38;2;0;0;0m               [0m
