[0m[38;2;19;19;19m [38;2;0;0;0m                                        [38;2;19;19;19m [0m
[0m[38;2;0;0;0m                    [38;2;32;32;32m.[38;2;3;3;3m [38;2;0;0;0m                    [0m
[0m[38;2;0;0;0m                   [38;2;5;5;5m [38;2;151;151;151md[38;2;0;0;0m [38;2;0;0;0m                    [0m
[0m[38;2;0;0;0m                 [38;2;0;0;0m [38;2;10;10;10m [38;2;9;9;9m [38;2;217;217;217mX[38;2;21;21;21m [38;2;0;0;0m                    [0m
[0m[38;2;0;0;0m                 [38;2;60;60;60m.[38;2;71;71;71m'[38;2;0;0;0m [38;2;105;105;105m:[38;2;202;202;202m0[38;2;34;34;34m.[38;2;0;0;0m [38;2;0;0;0m                  [0m
[0m[38;2;0;0;0m                 [38;2;37;37;37m.[38;2;169;169;169mk[38;2;58;58;58m.[38;2;0;0;0m [38;2;101;101;101m:[38;2;229;229;229mN[38;2;70;70;70m'[38;2;0;0;0m                  [0m
[0m[38;2;0;0;0m                  [38;2;16;16;16m [38;2;157;157;157mx[38;2;142;142;142mo[38;2;0;0;0m [38;2;74;74;74m'[38;2;234;234;234mN[38;2;32;32;32m.[38;2;0;0;0m                 [0m
[0m[38;2;0;0;0m                  [38;2;0;0;0m [38;2;7;7;7m [38;2;201;201;201m0[38;2;0;0;0m [38;2;0;0;0m [38;2;190;190;190mO[38;2;72;72;72m'[38;2;0;0;0m                 [0m
[0m[38;2;0;0;0m         [38;2;3;3;3m [38;2;53;53;53m.[38;2;98;98;98m;[38;2;132;132;132ml[38;2;158;158;158mx[38;2;171;171;171mk[38;2;170;170;170mk[38;2;169;169;169mk[38;2;168;168;168mk[38;2;157;157;157mx[38;2;56;56;56m.[38;2;72;72;72m'[38;2;0;0;0m [38;2;19;19;19m [38;2;172;172;172mk[38;2;6;6;6m [38;2;106;106;106m:[38;2;168;168;168mk[38;2;167;167;167mx[38;2;148;148;148md[38;2;119;119;119mc[38;2;80;80;80m,[38;2;25;25;25m [38;2;0;0;0m [38;2;0;0;0m         [0m
[0m[38;2;0;0;0m        [38;2;14;14;14m [38;2;219;219;219mX[38;2;209;209;209mK[38;2;91;91;91m;[38;2;46;46;46m.[38;2;18;18;18m [38;2;2;2;2m [38;2;0;0;0m [38;2;0;0;0m   [38;2;5;5;5m [38;2;0;0;0m [38;2;0;0;0m [38;2;60;60;60m.[38;2;13;13;13m [38;2;0;0;0m [38;2;0;0;0m [38;2;0;0;0m [38;2;6;6;6m [38;2;30;30;30m.[38;2;62;62;62m.[38;2;132;132;132ml[38;2;243;243;243mW[38;2;143;143;143mo[38;2;0;0;0m         [0m
[0m[38;2;0;0;0m        [38;2;3;3;3m [38;2;223;223;223mX[38;2;215;215;215mX[38;2;169;169;169mk[38;2;173;173;173mk[38;2;171;171;171mk[38;2;165;165;165mx[38;2;149;149;149md[38;2;136;136;136mo[38;2;126;126;126ml[38;2;120;120;120mc[38;2;116;116;116mc[38;2;114;114;114mc[38;2;115;115;115mc[38;2;117;117;117mc[38;2;123;123;123ml[38;2;132;132;132ml[38;2;142;142;142mo[38;2;157;157;157mx[38;2;169;169;169mk[38;2;170;170;170mk[38;2;170;170;170mk[38;2;157;157;157mx[38;2;234;234;234mN[38;2;214;214;214mX[38;2;129;129;129ml[38;2;142;142;142mo[38;2;115;115;115mc[38;2;33;33;33m.[38;2;0;0;0m [38;2;0;0;0m    [0m
[0m[38;2;0;0;0m         [38;2;144;144;144mo[38;2;220;220;220mX[38;2;3;3;3m [38;2;0;0;0m [38;2;0;0;0m [38;2;8;8;8m [38;2;24;24;24m [38;2;37;37;37m.[38;2;46;46;46m.[38;2;53;53;53m.[38;2;57;57;57m.[38;2;59;59;59m.[38;2;58;58;58m.[38;2;56;56;56m.[38;2;51;51;51m.[38;2;43;43;43m.[38;2;32;32;32m.[38;2;18;18;18m [38;2;2;2;2m [38;2;0;0;0m [38;2;0;0;0m [38;2;32;32;32m.[38;2;251;251;251mM[38;2;140;140;140mo[38;2;55;55;55m.[38;2;37;37;37m.[38;2;116;116;116mc[38;2;241;241;241mW[38;2;55;55;55m.[38;2;0;0;0m    [0m
[0m[38;2;0;0;0m         [38;2;51;51;51m.[38;2;253;253;253mM[38;2;74;74;74m'[38;2;0;0;0m                  [38;2;127;127;127ml[38;2;233;233;233mN[38;2;12;12;12m [38;2;0;0;0m  [38;2;26;26;26m [38;2;249;249;249mW[38;2;99;99;99m:[38;2;0;0;0m    [0m
[0m[38;2;0;0;0m         [38;2;0;0;0m [38;2;172;172;172mk[38;2;199;199;199m0[38;2;5;5;5m [38;2;0;0;0m                [38;2;26;26;26m [38;2;235;235;235mN[38;2;119;119;119mc[38;2;0;0;0m [38;2;26;26;26m [38;2;95;95;95m;[38;2;213;213;213mK[38;2;157;157;157mx[38;2;7;7;7m [38;2;0;0;0m    [0m
[0m[38;2;0;0;0m          [38;2;27;27;27m [38;2;220;220;220mX[38;2;151;151;151md[38;2;4;4;4m [38;2;0;0;0m              [38;2;16;16;16m [38;2;193;193;193m0[38;2;252;252;252mM[38;2;187;187;187mO[38;2;185;185;185mO[38;2;170;170;170mk[38;2;116;116;116mc[38;2;40;40;40m.[38;2;0;0;0m [38;2;0;0;0m     [0m
[0m[38;2;0;0;0m      [38;2;0;0;0m [38;2;8;8;8m [38;2;65;65;65m'[38;2;117;117;117mc[38;2;157;157;157mx[38;2;193;193;193m0[38;2;217;217;217mX[38;2;192;192;192m0[38;2;56;56;56m.[38;2;0;0;0m [38;2;0;0;0m          [38;2;3;3;3m [38;2;83;83;83m,[38;2;215;215;215mX[38;2;208;208;208mK[38;2;202;202;202m0[38;2;159;159;159mx[38;2;111;111;111mc[38;2;58;58;58m.[38;2;7;7;7m [38;2;0;0;0m       [0m
[0m[38;2;0;0;0m     [38;2;8;8;8m [38;2;147;147;147md[38;2;205;205;205mK[38;2;125;125;125ml[38;2;66;66;66m'[38;2;21;21;21m [38;2;0;0;0m [38;2;0;0;0m [38;2;70;70;70m'[38;2;172;172;172mk[38;2;192;192;192m0[38;2;121;121;121mc[38;2;59;59;59m.[38;2;12;12;12m [38;2;0;0;0m [38;2;0;0;0m  [38;2;0;0;0m [38;2;20;20;20m [38;2;71;71;71m'[38;2;137;137;137mo[38;2;200;200;200m0[38;2;152;152;152md[38;2;46;46;46m.[38;2;0;0;0m [38;2;0;0;0m [38;2;24;24;24m [38;2;73;73;73m'[38;2;144;144;144mo[38;2;217;217;217mX[38;2;122;122;122ml[38;2;4;4;4m [38;2;0;0;0m     [0m
[0m[38;2;0;0;0m     [38;2;50;50;50m.[38;2;247;247;247mW[38;2;118;118;118mc[38;2;4;4;4m [38;2;0;0;0m     [38;2;0;0;0m [38;2;15;15;15m [38;2;77;77;77m,[38;2;132;132;132ml[38;2;171;171;171mk[38;2;176;176;176mk[38;2;172;172;172mk[38;2;173;173;173mk[38;2;176;176;176mk[38;2;165;165;165mx[38;2;121;121;121mc[38;2;63;63;63m.[38;2;7;7;7m [38;2;0;0;0m      [38;2;7;7;7m [38;2;150;150;150md[38;2;238;238;238mW[38;2;37;37;37m.[38;2;0;0;0m     [0m
[0m[38;2;0;0;0m      [38;2;48;48;48m.[38;2;148;148;148md[38;2;183;183;183mO[38;2;165;165;165mx[38;2;126;126;126ml[38;2;90;90;90m;[38;2;60;60;60m.[38;2;33;33;33m.[38;2;11;11;11m [38;2;0;0;0m [38;2;0;0;0m          [38;2;0;0;0m [38;2;14;14;14m [38;2;38;38;38m.[38;2;65;65;65m'[38;2;98;98;98m;[38;2;135;135;135mo[38;2;175;175;175mk[38;2;184;184;184mO[38;2;120;120;120mc[38;2;22;22;22m [38;2;0;0;0m      [0m
[0m[38;2;0;0;0m        [38;2;0;0;0m [38;2;11;11;11m [38;2;52;52;52m.[38;2;92;92;92m;[38;2;122;122;122mc[38;2;143;143;143mo[38;2;160;160;160mx[38;2;164;164;164mx[38;2;164;164;164mx[38;2;165;165;165mx[38;2;166;166;166mx[38;2;167;167;167mx[38;2;169;169;169mk[38;2;169;169;169mk[38;2;166;166;166mx[38;2;164;164;164mx[38;2;162;162;162mx[38;2;162;162;162mx[38;2;165;165;165mx[38;2;160;160;160mx[38;2;142;142;142mo[38;2;116;116;116mc[38;2;86;86;86m,[38;2;50;50;50m.[38;2;10;10;10m [38;2;0;0;0m [38;2;0;0;0m        [0m
[0m[38;2;0;0;0m                  [38;2;0;0;0m [38;2;0;0;0m [38;2;0;0;0m [38;2;0;0;0m [38;2;0;0;0m [38;2;0;0;0m [38;2;0;0;0m                  [0m
[0m[38;2;19;19;19m [38;2;0;0;0m                                        [38;2;19;19;19m [0m
