[0m[38;2;0;0;0m                                            [0m
[0m[38;2;0;0;0m   [38;2;23;15;8m [38;2;114;64;21m'[38;2;173;95;26mc[38;2;207;111;27ml[38;2;223;120;30mo[38;2;219;116;28mo[38;2;201;110;31ml[38;2;155;84;23m;[38;2;93;54;19m.[38;2;6;4;3m [38;2;0;0;0m    [38;2;5;5;5m [38;2;34;34;34m.[38;2;54;54;54m.[38;2;63;63;63m.[38;2;67;67;67m'[38;2;68;68;68m'[38;2;63;63;63m.[38;2;56;56;56m.[38;2;36;36;36m.[38;2;7;7;7m [38;2;0;0;0m    [38;2;1;1;1m [38;2;29;29;29m.[38;2;49;49;49m.[38;2;62;62;62m.[38;2;66;66;66m'[38;2;69;69;69m'[38;2;64;64;64m'[38;2;59;59;59m.[38;2;40;40;40m.[38;2;16;16;16m [38;2;0;0;0m   [0m
[0m[38;2;0;0;0m [38;2;3;3;3m [38;2;139;79;28m;[38;2;248;132;30md[38;2;255;133;27mxxxxxxxx[38;2;230;123;30mo[38;2;58;35;15m.[38;2;0;0;0m  [38;2;29;29;29m.[38;2;74;74;74m'[38;2;74;74;74m''''''''[38;2;75;75;75m'[38;2;44;44;44m.[38;2;0;0;0m  [38;2;19;19;19m [38;2;69;69;69m'[38;2;74;74;74m'[38;2;74;74;74m'''''''[38;2;76;76;76m,[38;2;52;52;52m.[38;2;3;3;3m [38;2;0;0;0m [0m
[0m[38;2;0;0;0m [38;2;70;43;18m.[38;2;255;133;27mx[38;2;255;133;27mxxxxxxxxxx[38;2;246;131;32md[38;2;8;6;4m [38;2;11;11;11m [38;2;77;77;77m,[38;2;74;74;74m''''''''''[38;2;75;75;75m'[38;2;21;21;21m [38;2;4;4;4m [38;2;74;74;74m'[38;2;74;74;74m''''''''''[38;2;74;74;74m'[38;2;35;35;35m.[38;2;0;0;0m [0m
[0m[38;2;0;0;0m [38;2;53;31;13m.[38;2;255;133;27mxxxxxxxxxxx[38;2;255;133;27mx[38;2;41;41;41m [38;2;5;5;5m [38;2;74;74;74m'[38;2;74;74;74m'''''''''''[38;2;13;13;13m [38;2;24;24;24m [38;2;74;74;74m'[38;2;74;74;74m'''''''''''[38;2;26;26;26m [38;2;0;0;0m [0m
[0m[38;2;0;0;0m [38;2;20;20;20m [38;2;94;51;14m.[38;2;255;133;27mxxxxxxxxx[38;2;255;133;27mx[38;2;19;11;4m [38;2;0;0;0m [38;2;6;6;6m [38;2;8;8;8m [38;2;74;74;74m'[38;2;74;74;74m''''''''[38;2;74;74;74m'[38;2;18;18;18m [38;2;11;11;11m [38;2;0;0;0m [38;2;51;51;51m [38;2;75;75;75m,[38;2;74;74;74m'''''''''[38;2;35;35;35m.[38;2;15;15;15m [38;2;0;0;0m [0m
[0m[38;2;0;0;0m  [38;2;10;10;10m [38;2;73;73;73m [38;2;125;125;125m [38;2;188;100;22mc[38;2;255;133;27mxxx[38;2;255;133;26mx[38;2;103;55;13m'[38;2;115;115;115m [38;2;52;52;52m [38;2;2;2;2m [38;2;0;0;0m  [38;2;2;2;2m [38;2;30;30;30m [38;2;63;63;63m [38;2;43;43;43m.[38;2;74;74;74m'[38;2;74;74;74m''[38;2;74;74;74m'[38;2;54;54;54m.[38;2;63;63;63m [38;2;32;32;32m [38;2;5;5;5m [38;2;0;0;0m   [38;2;24;24;24m [38;2;56;56;56m [38;2;28;28;28m [38;2;74;74;74m'[38;2;74;74;74m'''[38;2;65;65;65m'[38;2;67;67;67m [38;2;41;41;41m [38;2;9;9;9m [38;2;0;0;0m  [0m
[0m[38;2;0;0;0m     [38;2;17;17;17m [38;2;64;41;21m.[38;2;96;54;17m.[38;2;96;56;22m'[38;2;28;18;9m [38;2;8;8;8m [38;2;0;0;0m        [38;2;9;9;9m [38;2;15;15;15m [38;2;37;37;37m.[38;2;36;36;36m.[38;2;23;23;23m [38;2;10;10;10m [38;2;0;0;0m        [38;2;5;5;5m [38;2;10;10;10m [38;2;51;42;35m.[38;2;50;38;28m.[38;2;35;31;28m.[38;2;14;14;14m [38;2;0;0;0m     [0m
[0m[38;2;0;0;0m  [38;2;2;2;1m [38;2;88;51;19m.[38;2;167;92;26m:[38;2;221;119;29mo[38;2;253;134;32mx[38;2;255;133;26mx[38;2;255;133;27mx[38;2;246;131;31md[38;2;206;111;28ml[38;2;148;82;24m;[38;2;50;30;13m.[38;2;0;0;0m    [38;2;27;27;27m [38;2;49;49;49m.[38;2;67;67;67m'[38;2;77;77;77m,[38;2;74;74;74m'[38;2;74;74;74m'[38;2;77;77;77m,[38;2;69;69;69m'[38;2;51;51;51m.[38;2;29;29;29m [38;2;2;2;2m [38;2;0;0;0m   [38;2;31;19;9m [38;2;137;76;23m;[38;2;203;109;28ml[38;2;244;130;31md[38;2;255;134;28mx[38;2;255;133;26mx[38;2;253;134;31mx[38;2;225;121;30mo[38;2;176;96;27mc[38;2;101;57;20m'[38;2;4;3;2m [38;2;0;0;0m  [0m
[0m[38;2;0;0;0m [38;2;7;5;3m [38;2;200;111;33ml[38;2;255;133;27mx[38;2;255;133;27mxxxxxxxx[38;2;253;132;27md[38;2;133;78;29m;[38;2;0;0;0m [38;2;2;2;2m [38;2;54;54;54m.[38;2;76;76;76m,[38;2;74;74;74m''''''''[38;2;74;74;74m'[38;2;63;63;63m.[38;2;2;2;2m [38;2;0;0;0m [38;2;121;71;29m,[38;2;248;130;28md[38;2;255;133;27mxxxxxxxxx[38;2;207;113;32ml[38;2;10;6;4m [38;2;0;0;0m [0m
[0m[38;2;0;0;0m [38;2;86;52;22m.[38;2;255;133;27mxxxxxxxxxxx[38;2;255;134;29mx[38;2;12;9;6m [38;2;15;15;15m [38;2;74;74;74m'[38;2;74;74;74m''''''''''[38;2;74;74;74m'[38;2;26;26;26m [38;2;9;7;5m [38;2;255;135;29mx[38;2;255;133;27mxxxxxxxxxxx[38;2;112;67;29m'[38;2;0;0;0m [0m
[0m[38;2;0;0;0m [38;2;31;19;8m [38;2;255;133;27mxxxxxxxxxxx[38;2;220;116;25ml[38;2;31;31;31m [38;2;34;34;34m [38;2;75;75;75m'[38;2;74;74;74m''''''''''[38;2;74;74;74m'[38;2;7;7;7m [38;2;27;27;27m [38;2;215;113;25ml[38;2;255;133;27mxxxxxxxxxxx[38;2;41;24;10m [38;2;0;0;0m [0m
[0m[38;2;0;0;0m [38;2;9;9;9m [38;2;117;117;117m [38;2;255;133;27mx[38;2;255;133;27mxxxxxxxx[38;2;177;94;21m:[38;2;73;73;73m [38;2;0;0;0m  [38;2;43;43;43m [38;2;56;56;56m.[38;2;74;74;74m''''''''[38;2;64;64;64m.[38;2;50;50;50m [38;2;3;3;3m [38;2;0;0;0m [38;2;64;64;64m [38;2;138;73;17m,[38;2;255;133;27mxxxxxxxx[38;2;255;133;27mx[38;2;24;13;4m [38;2;10;10;10m [38;2;0;0;0m [0m
[0m[38;2;0;0;0m   [38;2;41;41;41m [38;2;94;94;94m [38;2;127;127;127m [38;2;149;149;149m [38;2;217;118;33mo[38;2;142;77;21m;[38;2;144;144;144m [38;2;115;115;115m [38;2;80;80;80m [38;2;21;21;21m [38;2;0;0;0m    [38;2;14;14;14m [38;2;46;46;46m [38;2;59;59;59m [38;2;70;70;70m [38;2;38;38;38m.[38;2;44;44;44m.[38;2;72;72;72m [38;2;61;61;61m [38;2;46;46;46m [38;2;16;16;16m [38;2;0;0;0m    [38;2;16;16;16m [38;2;73;73;73m [38;2;112;112;112m [38;2;142;142;142m [38;2;106;57;15m'[38;2;255;140;40mx[38;2;149;149;149m [38;2;129;129;129m [38;2;99;99;99m [38;2;51;51;51m [38;2;1;1;1m [38;2;0;0;0m  [0m
[0m[38;2;0;0;0m    [38;2;2;2;2m [38;2;44;27;12m.[38;2;80;45;15m.[38;2;109;66;29m'[38;2;102;61;25m'[38;2;72;42;16m.[38;2;23;15;8m [38;2;0;0;0m        [38;2;34;21;10m [38;2;75;44;17m.[38;2;101;60;25m'[38;2;104;63;27m'[38;2;77;45;16m.[38;2;41;25;11m [38;2;2;2;2m [38;2;0;0;0m       [38;2;7;7;7m [38;2;26;26;26m [38;2;37;37;36m.[38;2;49;48;47m.[38;2;28;28;28m [38;2;20;20;20m [38;2;3;3;3m [38;2;0;0;0m    [0m
[0m[38;2;0;0;0m  [38;2;16;10;6m [38;2;141;79;25m;[38;2;223;120;31mo[38;2;255;133;27mx[38;2;255;133;27mxxxx[38;2;253;133;29mx[38;2;203;110;29ml[38;2;109;63;22m'[38;2;1;1;1m [38;2;0;0;0m  [38;2;2;1;1m [38;2;120;69;26m,[38;2;212;114;29mo[38;2;255;134;28mx[38;2;255;133;27mxxxx[38;2;255;133;27mx[38;2;217;117;30mo[38;2;128;73;26m,[38;2;7;5;3m [38;2;0;0;0m  [38;2;2;2;2m [38;2;34;34;34m.[38;2;62;62;62m.[38;2;76;76;76m,[38;2;74;74;74m''''[38;2;74;74;74m'[38;2;73;73;73m'[38;2;53;53;53m.[38;2;9;9;9m [38;2;0;0;0m  [0m
[0m[38;2;0;0;0m [38;2;20;13;7m [38;2;232;125;32md[38;2;255;133;27mxxxxxxxxx[38;2;255;133;27mx[38;2;181;104;37mc[38;2;0;0;0m [38;2;3;3;2m [38;2;196;110;35ml[38;2;255;133;27mx[38;2;255;133;27mxxxxxxxxx[38;2;216;119;34mo[38;2;12;8;6m [38;2;0;0;0m [38;2;62;62;62m.[38;2;74;74;74m'[38;2;74;74;74m'''''''''[38;2;74;74;74m'[38;2;8;8;8m [38;2;0;0;0m [0m
[0m[38;2;0;0;0m [38;2;93;56;23m'[38;2;255;133;27mxxxxxxxxxxx[38;2;255;133;26mx[38;2;16;12;8m [38;2;40;25;12m.[38;2;255;133;27mx[38;2;255;133;27mxxxxxxxxxxx[38;2;74;45;19m.[38;2;7;7;7m [38;2;74;74;74m'[38;2;74;74;74m'''''''''''[38;2;46;46;46m.[38;2;0;0;0m [0m
[0m[38;2;0;0;0m [38;2;12;8;3m [38;2;255;133;27mx[38;2;255;133;27mxxxxxxxxxx[38;2;180;97;25mc[38;2;19;19;19m [38;2;35;35;35m [38;2;176;93;21m:[38;2;255;133;27mxxxxxxxxxx[38;2;217;114;24mo[38;2;54;54;54m [38;2;12;12;12m [38;2;42;42;42m.[38;2;74;74;74m''''''''''[38;2;74;74;74m'[38;2;44;44;44m [38;2;0;0;0m [0m
[0m[38;2;0;0;0m [38;2;2;2;2m [38;2;75;75;75m [38;2;102;55;14m'[38;2;255;133;27mxxxxxxx[38;2;255;133;27mx[38;2;30;16;4m [38;2;41;41;41m [38;2;0;0;0m  [38;2;43;43;43m [38;2;53;28;7m.[38;2;255;133;27mx[38;2;255;133;27mxxxxxx[38;2;255;133;27mx[38;2;63;33;8m.[38;2;57;57;57m [38;2;0;0;0m  [38;2;17;17;17m [38;2;61;61;61m [38;2;75;75;75m'[38;2;74;74;74m'''''''[38;2;41;41;41m.[38;2;43;43;43m [38;2;0;0;0m  [0m
[0m[38;2;0;0;0m   [38;2;10;10;10m [38;2;58;58;58m [38;2;96;96;96m [38;2;116;116;116m [38;2;129;129;129m [38;2;126;126;126m [38;2;109;109;109m [38;2;84;84;84m [38;2;46;46;46m [38;2;2;2;2m [38;2;0;0;0m    [38;2;4;4;4m [38;2;53;53;53m [38;2;89;89;89m [38;2;113;113;113m [38;2;128;128;128m [38;2;130;130;130m [38;2;116;116;116m [38;2;93;93;93m [38;2;55;55;55m [38;2;5;5;5m [38;2;0;0;0m     [38;2;21;21;21m [38;2;43;43;43m [38;2;54;54;54m [38;2;58;58;58m [38;2;60;60;60m [38;2;56;56;56m [38;2;51;51;51m [38;2;34;34;34m [38;2;8;8;8m [38;2;0;0;0m   [0m
[0m[38;2;0;0;0m                                            [0m
