[0m[38;2;0;0;0m               [38;2;0;0;0m [38;2;4;4;5m [38;2;15;19;21m [38;2;18;20;23m [38;2;24;27;31m [38;2;24;26;31m [38;2;24;26;31m [38;2;24;26;31m [38;2;24;26;31m [38;2;24;26;31m [38;2;22;24;28m [38;2;16;18;21m [38;2;8;9;11m [38;2;6;6;6m [38;2;0;0;0m               [0m
[0m[38;2;0;0;0m           [38;2;4;5;6m [38;2;15;17;20m [38;2;23;25;30m [38;2;29;31;37m.[38;2;34;38;45m.[38;2;40;44;52m.[38;2;40;44;52m.....[38;2;40;44;52m.[38;2;40;44;52m....[38;2;40;44;52m.[38;2;39;42;49m.[38;2;32;35;42m.[38;2;26;28;33m [38;2;19;21;25m [38;2;9;10;11m [38;2;2;2;2m [38;2;0;0;0m          [0m
[0m[38;2;0;0;0m        [38;2;3;3;3m [38;2;19;21;25m [38;2;30;33;40m.[38;2;40;44;52m.[38;2;40;44;52m.[38;2;40;44;52m.[38;2;40;44;52m........[38;2;40;44;52m.[38;2;40;44;52m.......[38;2;40;44;52m.[38;2;40;44;52m..[38;2;36;40;47m.[38;2;24;28;32m [38;2;10;11;13m [38;2;0;0;0m [38;2;0;0;0m       [0m
[0m[38;2;0;0;0m      [38;2;4;7;8m [38;2;25;31;35m.[38;2;38;42;49m.[38;2;40;44;52m....[38;2;40;44;52m.[38;2;40;44;52m...[38;2;58;55;54m.[38;2;89;76;53m,[38;2;108;89;52m;[38;2;122;98;53m:[38;2;127;102;52m:[38;2;128;103;52m:[38;2;127;102;52m:[38;2;119;96;53m;[38;2;102;86;52m,[38;2;81;71;53m'[38;2;50;50;53m.[38;2;40;44;52m..[38;2;40;44;52m.[38;2;40;44;52m....[38;2;40;44;52m.[38;2;32;35;43m.[38;2;16;17;20m [38;2;2;2;2m [38;2;0;0;0m     [0m
[0m[38;2;0;0;0m    [38;2;3;3;3m [38;2;23;25;30m [38;2;38;42;50m.[38;2;40;44;52m......[38;2;40;44;52m.[38;2;40;44;52m..[38;2;147;114;54mc[38;2;238;179;49mO[38;2;250;189;47mOOOO[38;2;250;189;47mO[38;2;250;189;47mOOO[38;2;250;189;47mO[38;2;227;171;50mk[38;2;99;81;55m,[38;2;40;44;52m.[38;2;40;44;52m.[38;2;40;44;52m.......[38;2;33;36;43m.[38;2;12;13;16m [38;2;0;0;0m    [0m
[0m[38;2;0;0;0m   [38;2;11;16;18m [38;2;37;41;48m.[38;2;40;44;52m.....[38;2;44;48;54m.[38;2;92;96;55m;[38;2;137;141;49ml[38;2;154;158;49mo[38;2;121;125;53mc[38;2;47;51;54m.[38;2;76;67;54m'[38;2;218;164;50mx[38;2;250;189;47mOOOO[38;2;250;189;47mO[38;2;250;189;47mOOOO[38;2;181;137;53mo[38;2;52;51;53m.[38;2;74;83;89m,[38;2;111;134;130ml[38;2;111;134;130ml[38;2;89;104;105m:[38;2;53;58;67m.[38;2;40;44;52m.....[38;2;40;44;52m.[38;2;27;29;35m.[38;2;5;5;5m [38;2;0;0;0m  [0m
[0m[38;2;0;0;0m  [38;2;12;13;15m [38;2;40;44;52m.[38;2;40;44;52m.[38;2;40;44;52m....[38;2;70;74;55m'[38;2;150;153;50mo[38;2;183;186;40mk[38;2;183;186;40mkkk[38;2;147;151;50mo[38;2;54;58;55m.[38;2;64;58;54m.[38;2;176;136;52mo[38;2;196;150;50md[38;2;183;140;51mo[38;2;170;132;51mo[38;2;166;130;50ml[38;2;173;134;51mo[38;2;186;143;50md[38;2;198;152;50md[38;2;150;116;53mc[38;2;45;47;53m.[38;2;86;97;102m;[38;2;131;162;151md[38;2;131;165;152mddd[38;2;126;154;147md[38;2;83;94;99m;[38;2;42;45;54m.[38;2;40;44;52m...[38;2;40;44;52m.[38;2;40;44;52m.[38;2;34;37;42m.[38;2;2;2;2m [38;2;0;0;0m [0m
[0m[38;2;0;0;0m [38;2;4;6;7m [38;2;40;44;52m.[38;2;40;44;52m.[38;2;40;44;52m.[38;2;40;44;52m...[38;2;87;91;56m,[38;2;175;178;44mx[38;2;183;186;40mkkkkk[38;2;178;181;43mx[38;2;88;93;59m;[38;2;40;44;52m.....[38;2;40;44;52m.[38;2;40;44;52m....[38;2;48;51;61m.[38;2;121;144;140mo[38;2;131;165;152mddddd[38;2;131;165;152md[38;2;102;118;120mc[38;2;44;47;56m.[38;2;40;44;52m..[38;2;40;44;52m.[38;2;40;44;52m..[38;2;21;23;27m [38;2;0;0;0m [0m
[0m[38;2;0;0;0m [38;2;31;34;39m.[38;2;40;44;52m..[38;2;40;44;52m.[38;2;40;44;52m..[38;2;72;76;57m'[38;2;178;181;44mx[38;2;183;186;40mkkkkk[38;2;154;157;47mo[38;2;69;73;54m'[38;2;40;44;52m......[38;2;40;44;52m.[38;2;40;44;52m.....[38;2;46;50;59m.[38;2;93;107;109m:[38;2;132;163;153md[38;2;131;165;152mddddd[38;2;98;111;116m:[38;2;40;44;52m..[38;2;40;44;52m.[38;2;40;44;52m..[38;2;40;44;52m.[38;2;2;3;4m [0m
[0m[38;2;1;2;2m [38;2;40;44;52m.[38;2;40;44;52m..[38;2;40;44;52m.[38;2;40;44;52m..[38;2;136;140;55ml[38;2;183;186;40mkkkkk[38;2;150;154;53mo[38;2;51;55;54m.[38;2;40;44;52m.......[38;2;40;44;52m.[38;2;40;44;52m.......[38;2;76;83;91m,[38;2;130;160;151md[38;2;131;165;152mdddd[38;2;132;163;153md[38;2;51;52;64m.[38;2;40;44;52m.[38;2;40;44;52m.[38;2;40;44;52m...[38;2;14;15;17m [0m
[0m[38;2;3;4;4m [38;2;40;44;52m...[38;2;40;44;52m.[38;2;40;44;52m..[38;2;74;78;54m'[38;2;105;109;51m:[38;2;108;112;51m:[38;2;111;114;52m:[38;2;111;115;53m:[38;2;100;104;53m;[38;2;49;53;56m.[38;2;40;44;52m........[38;2;40;44;52m.[38;2;40;44;52m.......[38;2;40;44;52m.[38;2;68;76;82m'[38;2;87;102;104m;[38;2;88;103;104m:[38;2;86;101;103m;[38;2;84;100;101m;[38;2;78;90;94m;[38;2;42;46;54m.[38;2;40;44;52m.[38;2;40;44;52m.[38;2;40;44;52m...[38;2;17;19;22m [0m
[0m[38;2;2;2;2m [38;2;40;44;52m...[38;2;40;44;52m.[38;2;40;44;52m.[38;2;40;44;52m.[38;2;86;49;51m.[38;2;150;57;50m,[38;2;156;58;50m,[38;2;159;58;50m;[38;2;160;58;50m;[38;2;149;57;50m,[38;2;82;49;51m.[38;2;40;44;52m.[38;2;40;44;52m.......[38;2;40;44;52m.[38;2;40;44;52m.......[38;2;40;44;52m.[38;2;109;83;98m;[38;2;134;95;112m:[38;2;134;95;111m:[38;2;133;95;111m:[38;2;130;94;110m:[38;2;106;82;97m;[38;2;40;44;52m..[38;2;40;44;52m.[38;2;40;44;52m...[38;2;14;15;18m [0m
[0m[38;2;8;8;8m [38;2;33;36;43m.[38;2;40;44;52m..[38;2;40;44;52m.[38;2;40;44;52m.[38;2;40;44;52m.[38;2;155;56;49m,[38;2;248;71;51ml[38;2;249;72;51mlll[38;2;249;72;51ml[38;2;232;67;49mc[38;2;92;50;51m.[38;2;40;44;52m.[38;2;40;44;52m......[38;2;40;44;52m.[38;2;40;44;52m......[38;2;45;48;56m.[38;2;135;99;116mc[38;2;211;134;155mx[38;2;211;134;155mxxxx[38;2;191;128;150md[38;2;40;44;52m..[38;2;40;44;52m.[38;2;40;44;52m...[38;2;5;5;6m [0m
[0m[38;2;0;0;0m [38;2;9;12;14m [38;2;40;44;52m..[38;2;40;44;52m.[38;2;40;44;52m..[38;2;67;47;51m.[38;2;224;66;49mc[38;2;249;72;51ml[38;2;249;72;51mlll[38;2;249;72;51ml[38;2;231;68;50mc[38;2;122;53;50m'[38;2;45;45;52m.[38;2;40;44;52m.....[38;2;40;44;52m.[38;2;40;44;52m.....[38;2;66;59;70m.[38;2;162;111;129ml[38;2;211;134;155mxxxxx[38;2;210;134;155mx[38;2;100;80;94m;[38;2;40;44;52m..[38;2;40;44;52m.[38;2;40;44;52m..[38;2;28;31;36m.[38;2;6;6;6m [0m
[0m[38;2;0;0;0m [38;2;9;9;9m [38;2;21;23;28m [38;2;40;44;52m.[38;2;40;44;52m.[38;2;40;44;52m..[38;2;40;44;52m.[38;2;85;49;51m.[38;2;219;66;49m:[38;2;249;72;51ml[38;2;249;72;51mll[38;2;249;72;51ml[38;2;249;72;51ml[38;2;247;71;50mc[38;2;156;57;49m,[38;2;40;44;52m.[38;2;41;46;53m.[38;2;44;50;55m.[38;2;40;44;52m..[38;2;40;44;52m.[38;2;40;44;52m.[38;2;40;44;52m.[38;2;45;51;55m.[38;2;40;44;52m.[38;2;71;63;75m'[38;2;201;130;151md[38;2;211;134;155mxxxxx[38;2;206;133;154mx[38;2;114;87;103m;[38;2;40;44;52m...[38;2;40;44;52m.[38;2;40;44;52m.[38;2;38;42;49m.[38;2;23;23;23m [38;2;0;0;0m [0m
[0m[38;2;0;0;0m  [38;2;12;12;12m [38;2;21;23;27m [38;2;40;44;52m.[38;2;40;44;52m...[38;2;40;44;52m.[38;2;66;47;52m.[38;2;175;60;50m;[38;2;245;70;50mc[38;2;249;72;51ml[38;2;249;72;51ml[38;2;249;72;51ml[38;2;214;65;49m:[38;2;78;48;51m.[38;2;62;75;67m'[38;2;122;162;109mo[38;2;131;176;116md[38;2;125;167;112md[38;2;119;158;107mo[38;2;116;155;106mo[38;2;120;160;108mo[38;2;126;169;113md[38;2;132;178;117mx[38;2;109;144;101ml[38;2;51;58;61m.[38;2;134;97;114m:[38;2;211;134;155mx[38;2;211;134;155mxxx[38;2;179;120;140mo[38;2;85;71;84m,[38;2;40;44;52m....[38;2;40;44;52m.[38;2;37;41;48m.[38;2;30;30;30m [38;2;0;0;0m  [0m
[0m[38;2;0;0;0m   [38;2;11;11;11m [38;2;34;34;34m [38;2;36;39;47m.[38;2;40;44;52m....[38;2;41;44;52m.[38;2;95;50;51m.[38;2;166;59;50m;[38;2;193;63;50m:[38;2;171;60;50m;[38;2;64;47;52m.[38;2;69;86;72m,[38;2;135;182;119mx[38;2;142;192;124mkkkkkkkkk[38;2;122;162;109mo[38;2;53;62;61m.[38;2;110;84;100m;[38;2;162;109;127ml[38;2;153;105;123mc[38;2;104;81;95m;[38;2;46;48;57m.[38;2;40;44;52m.....[38;2;18;19;23m [38;2;23;23;23m [38;2;0;0;0m   [0m
[0m[38;2;0;0;0m     [38;2;19;19;19m [38;2;8;10;11m [38;2;40;44;52m.....[38;2;40;44;52m.[38;2;40;44;52m.[38;2;40;44;52m.[38;2;40;44;52m.[38;2;85;108;83m;[38;2;122;163;110mo[38;2;138;185;121mx[38;2;142;192;124mkkkkkk[38;2;142;192;124mk[38;2;133;179;118mx[38;2;117;155;106mo[38;2;66;81;70m'[38;2;40;44;52m.[38;2;40;44;52m.[38;2;40;44;52m......[38;2;25;28;33m.[38;2;29;29;29m [38;2;10;10;10m [38;2;0;0;0m    [0m
[0m[38;2;0;0;0m      [38;2;7;7;7m [38;2;23;23;23m [38;2;2;3;3m [38;2;38;42;50m.[38;2;40;44;52m...[38;2;40;44;52m.[38;2;40;44;52m...[38;2;40;44;52m.[38;2;50;59;59m.[38;2;59;71;65m'[38;2;66;82;70m,[38;2;69;85;72m,[38;2;69;86;72m,[38;2;68;84;72m,[38;2;65;79;69m'[38;2;56;67;63m.[38;2;46;52;56m.[38;2;40;44;52m...[38;2;40;44;52m.[38;2;40;44;52m....[38;2;16;18;21m [38;2;29;29;29m [38;2;13;13;13m [38;2;0;0;0m      [0m
[0m[38;2;0;0;0m        [38;2;2;2;2m [38;2;15;15;15m [38;2;27;27;27m [38;2;3;3;3m [38;2;36;40;47m.[38;2;40;44;52m.[38;2;40;44;52m........[38;2;40;44;52m.[38;2;40;44;52m.......[38;2;40;44;52m.[38;2;40;44;52m.[38;2;14;15;18m [38;2;33;33;33m [38;2;21;21;21m [38;2;6;6;6m [38;2;0;0;0m        [0m
[0m[38;2;0;0;0m           [38;2;2;2;2m [38;2;10;10;10m [38;2;19;19;19m [38;2;25;25;25m [38;2;31;31;31m [38;2;38;38;38m [38;2;10;10;12m [38;2;33;36;43m.[38;2;40;44;52m...[38;2;40;44;52m.[38;2;40;44;52m..[38;2;38;42;49m.[38;2;19;21;25m [38;2;39;39;39m [38;2;36;36;36m [38;2;27;27;27m [38;2;22;22;22m [38;2;15;15;15m [38;2;4;4;4m [38;2;0;0;0m           [0m
[0m[38;2;0;0;0m                 [38;2;10;10;10m [38;2;15;15;15m [38;2;22;22;22m [38;2;22;22;22m [38;2;22;22;22m [38;2;22;22;22m [38;2;22;22;22m [38;2;22;22;22m [38;2;17;17;17m [38;2;11;11;11m [38;2;3;3;3m [38;2;0;0;0m                [0m
