[0m[38;2;0;0;0m                 [38;2;1;1;1m [38;2;29;55;42m.[38;2;55;106;80m;[38;2;82;159;120ml[38;2;75;195;158md[38;2;74;195;159md[38;2;84;164;125mo[38;2;58;112;85m;[38;2;30;59;45m.[38;2;1;3;2m [38;2;0;0;0m                 [0m
[0m[38;2;0;0;0m           [38;2;5;14;12m [38;2;27;58;45m.[38;2;46;90;68m'[38;2;61;119;90m;[38;2;77;149;112ml[38;2;91;177;134md[38;2;106;206;156mk[38;2;111;215;163mk[38;2;111;215;163mk[38;2;111;215;163mk[38;2;79;202;164mx[38;2;76;201;164mx[38;2;111;215;163mk[38;2;111;215;163mk[38;2;111;215;163mk[38;2;107;208;158mk[38;2;93;180;136md[38;2;78;151;115ml[38;2;63;122;92m:[38;2;47;92;70m,[38;2;18;58;47m.[38;2;2;18;15m [38;2;0;0;0m           [0m
[0m[38;2;0;0;0m         [38;2;4;4;4m [38;2;60;116;88m;[38;2;87;204;162mx[38;2;69;198;164md[38;2;96;209;163mk[38;2;111;215;163mk[38;2;111;215;163mk[38;2;111;215;163mk[38;2;109;214;163mk[38;2;95;208;159mk[38;2;80;202;155mx[38;2;65;196;151md[38;2;37;184;148mo[38;2;35;183;148mo[38;2;64;195;151md[38;2;79;201;155mx[38;2;94;208;159mk[38;2;108;214;162mk[38;2;111;215;163mk[38;2;111;215;163mk[38;2;111;215;163mk[38;2;99;210;163mk[38;2;60;195;161md[38;2;44;190;156mo[38;2;38;118;99m;[38;2;1;2;2m [38;2;0;0;0m         [0m
[0m[38;2;0;0;0m        [38;2;13;24;18m [38;2;89;173;131mo[38;2;111;215;163mk[38;2;111;215;163mk[38;2;103;212;163mk[38;2;61;194;159md[38;2;43;186;148mo[38;2;33;182;143ml[38;2;19;176;140ml[38;2;5;170;136mc[38;2;0;168;135mcccccccc[38;2;4;170;136mc[38;2;17;175;139ml[38;2;31;178;144ml[38;2;43;178;150mo[38;2;56;189;159md[38;2;101;211;163mk[38;2;109;214;163mk[38;2;84;204;164mx[38;2;54;166;139ml[38;2;11;32;27m [38;2;0;0;0m        [0m
[0m[38;2;0;0;0m       [38;2;43;84;63m'[38;2;107;206;157mk[38;2;111;215;163mk[38;2;111;215;163mk[38;2;111;215;163mk[38;2;68;197;152md[38;2;5;170;136mc[38;2;0;168;135mccccccccccccccc[38;2;0;164;136mc[38;2;3;156;141m:[38;2;60;187;153md[38;2;110;215;163mk[38;2;111;215;163mk[38;2;95;209;163mk[38;2;61;191;160md[38;2;30;90;75m'[38;2;1;1;1m [38;2;0;0;0m      [0m
[0m[38;2;0;0;0m      [38;2;25;58;46m.[38;2;79;202;164mx[38;2;79;202;164mx[38;2;80;202;164mx[38;2;85;204;163mx[38;2;39;184;145mo[38;2;0;168;135mc[38;2;0;168;135mcccc[38;2;10;172;137mc[38;2;31;181;143ml[38;2;46;187;146mo[38;2;61;194;150md[38;2;76;200;154mx[38;2;77;201;154mx[38;2;62;194;151md[38;2;47;188;147mo[38;2;19;176;144ml[38;2;7;171;138mc[38;2;0;168;135mccc[38;2;1;158;139m:[38;2;1;153;141m:[38;2;31;170;147ml[38;2;84;203;163mx[38;2;78;202;163mx[38;2;28;185;153mo[38;2;28;185;153mo[38;2;16;76;63m.[38;2;0;0;0m      [0m
[0m[38;2;0;0;0m      [38;2;42;80;61m'[38;2;111;215;163mkk[38;2;109;214;163mk[38;2;96;209;161mk[38;2;0;168;135mccccc[38;2;33;182;143ml[38;2;104;212;161mk[38;2;111;215;163mk[38;2;111;215;163mk[38;2;111;215;163mkk[38;2;111;215;163mk[38;2;111;215;163mk[38;2;110;214;163mk[38;2;62;195;164md[38;2;60;194;163md[38;2;24;178;146ml[38;2;0;168;135mcc[38;2;1;158;139m:[38;2;1;153;141m::[38;2;86;202;159mx[38;2;106;213;163mk[38;2;62;195;164mdd[38;2;33;100;84m,[38;2;0;0;0m      [0m
[0m[38;2;0;0;0m      [38;2;42;80;61m'[38;2;111;215;163mkk[38;2;111;215;163mk[38;2;103;212;161mk[38;2;0;168;135mccccc[38;2;64;195;151md[38;2;111;215;163mkk[38;2;111;215;163mk[38;2;111;215;163mkk[38;2;111;215;163mk[38;2;111;215;163mk[38;2;110;214;163mk[38;2;62;195;164mdd[38;2;43;187;155mo[38;2;0;168;135mcc[38;2;1;158;139m:[38;2;1;153;141m::[38;2;93;205;159mx[38;2;109;214;163mk[38;2;62;195;164mdd[38;2;33;100;84m,[38;2;0;0;0m      [0m
[0m[38;2;0;0;0m      [38;2;42;80;61m'[38;2;111;215;163mkk[38;2;111;215;163mk[38;2;103;212;161mk[38;2;0;168;135mccccc[38;2;64;195;151md[38;2;111;215;163mkk[38;2;111;215;163mk[38;2;111;215;163mkk[38;2;111;215;163mk[38;2;111;215;163mk[38;2;110;214;163mk[38;2;62;195;164mdd[38;2;43;187;155mo[38;2;0;168;135mcc[38;2;1;158;139m:[38;2;1;153;141m::[38;2;93;205;159mx[38;2;109;214;163mk[38;2;62;195;164mdd[38;2;33;100;84m,[38;2;0;0;0m      [0m
[0m[38;2;0;0;0m      [38;2;42;80;61m'[38;2;111;215;163mkk[38;2;111;215;163mk[38;2;103;212;161mk[38;2;0;168;135mccccc[38;2;64;195;151md[38;2;111;215;163mkk[38;2;111;215;163mk[38;2;111;215;163mkk[38;2;111;215;163mk[38;2;111;215;163mk[38;2;110;214;163mk[38;2;62;195;164mdd[38;2;43;187;155mo[38;2;0;168;135mcc[38;2;1;158;139m:[38;2;1;153;141m::[38;2;93;205;159mx[38;2;109;214;163mk[38;2;62;195;164mdd[38;2;33;100;84m,[38;2;0;0;0m      [0m
[0m[38;2;0;0;0m      [38;2;42;80;61m'[38;2;111;215;163mkk[38;2;111;215;163mk[38;2;103;212;161mk[38;2;0;168;135mccccc[38;2;64;195;151md[38;2;111;215;163mkk[38;2;111;215;163mk[38;2;111;215;163mkk[38;2;111;215;163mk[38;2;111;215;163mk[38;2;110;214;163mk[38;2;62;195;164mdd[38;2;43;187;155mo[38;2;0;168;135mcc[38;2;1;158;139m:[38;2;1;153;141m::[38;2;93;205;159mx[38;2;109;214;163mk[38;2;62;195;164mdd[38;2;33;100;84m,[38;2;0;0;0m      [0m
[0m[38;2;0;0;0m      [38;2;42;80;61m'[38;2;111;215;163mkk[38;2;111;215;163mk[38;2;103;212;161mk[38;2;0;168;135mccccc[38;2;64;195;151md[38;2;111;215;163mkk[38;2;111;215;163mk[38;2;111;215;163mkk[38;2;111;215;163mk[38;2;111;215;163mk[38;2;110;214;163mk[38;2;62;195;164mdd[38;2;43;187;155mo[38;2;0;168;135mcc[38;2;1;158;139m:[38;2;1;153;141m::[38;2;93;205;159mx[38;2;109;214;163mk[38;2;62;195;164mdd[38;2;33;100;84m,[38;2;0;0;0m      [0m
[0m[38;2;0;0;0m      [38;2;42;80;61m'[38;2;111;215;163mkk[38;2;111;215;163mk[38;2;103;212;161mk[38;2;0;168;135mccccc[38;2;64;195;151md[38;2;111;215;163mkk[38;2;111;215;163mk[38;2;111;215;163mkk[38;2;111;215;163mk[38;2;111;215;163mk[38;2;110;214;163mk[38;2;62;195;164mdd[38;2;43;187;155mo[38;2;0;168;135mcc[38;2;1;158;139m:[38;2;1;153;141m::[38;2;93;205;159mx[38;2;109;214;163mk[38;2;62;195;164mdd[38;2;33;100;84m,[38;2;0;0;0m      [0m
[0m[38;2;0;0;0m      [38;2;42;80;61m'[38;2;111;215;163mkk[38;2;111;215;163mk[38;2;103;212;161mk[38;2;0;168;135mccccc[38;2;64;195;151md[38;2;111;215;163mkk[38;2;111;215;163mk[38;2;111;215;163mkk[38;2;111;215;163mk[38;2;111;215;163mk[38;2;110;214;163mk[38;2;62;195;164mdd[38;2;43;187;155mo[38;2;0;168;135mcc[38;2;1;158;139m:[38;2;1;153;141m::[38;2;93;205;159mx[38;2;109;214;163mk[38;2;62;195;164mdd[38;2;33;100;84m,[38;2;0;0;0m      [0m
[0m[38;2;0;0;0m      [38;2;42;80;61m'[38;2;111;215;163mkk[38;2;111;215;163mk[38;2;103;212;161mk[38;2;0;168;135mccccc[38;2;64;195;151md[38;2;111;215;163mkk[38;2;111;215;163mk[38;2;111;215;163mkk[38;2;110;214;163mk[38;2;103;212;163mk[38;2;78;201;164mx[38;2;62;195;164mdd[38;2;43;187;155mo[38;2;0;168;135mcc[38;2;1;158;139m:[38;2;1;153;141m::[38;2;93;205;159mx[38;2;109;214;163mk[38;2;62;195;164mdd[38;2;33;100;84m,[38;2;0;0;0m      [0m
[0m[38;2;0;0;0m      [38;2;42;80;61m'[38;2;111;215;163mk[38;2;111;215;163mk[38;2;106;213;163mk[38;2;93;207;161mx[38;2;0;168;135mccccc[38;2;21;177;143ml[38;2;67;197;162md[38;2;78;202;164mx[38;2;82;203;164mx[38;2;76;201;164mx[38;2;69;198;164md[38;2;63;196;164md[38;2;62;195;164mddd[38;2;59;194;162md[38;2;22;178;145ml[38;2;0;168;135mc[38;2;0;166;136mc[38;2;1;155;140m:[38;2;1;153;141m::[38;2;84;201;160mx[38;2;98;210;163mk[38;2;61;195;164md[38;2;62;195;164md[38;2;33;100;84m,[38;2;0;0;0m      [0m
[0m[38;2;0;0;0m      [38;2;74;74;74m [38;2;71;181;147md[38;2;79;202;164mx[38;2;82;203;164mx[38;2;88;206;163mx[38;2;43;186;146mo[38;2;0;168;135mc[38;2;0;168;135mcccc[38;2;4;170;137mc[38;2;15;175;142ml[38;2;24;178;146ml[38;2;32;182;150mo[38;2;41;186;154mo[38;2;41;186;154mo[38;2;33;182;150mo[38;2;25;179;146ml[38;2;16;175;142ml[38;2;5;170;137mc[38;2;0;168;135mc[38;2;0;162;137mc[38;2;1;154;141m:[38;2;1;153;141m::[38;2;36;173;148ml[38;2;72;199;163mx[38;2;37;188;156mo[38;2;28;185;153mo[38;2;28;184;153mo[38;2;76;76;76m [38;2;0;0;0m      [0m
[0m[38;2;0;0;0m       [38;2;65;65;65m [38;2;60;115;88m:[38;2;111;215;163mk[38;2;111;215;163mk[38;2;111;215;163mk[38;2;72;199;153md[38;2;6;170;137mc[38;2;0;168;135mc[38;2;0;168;135mccccccccc[38;2;0;167;135mc[38;2;0;165;136mc[38;2;0;163;137mc[38;2;1;158;139m:[38;2;1;153;141m:[38;2;1;153;141m:[38;2;5;155;142m:[38;2;63;188;154md[38;2;82;203;164mx[38;2;62;195;164md[38;2;62;195;164md[38;2;40;126;106m:[38;2;65;65;65m [38;2;0;0;0m [38;2;0;0;0m      [0m
[0m[38;2;0;0;0m        [38;2;27;27;27m [38;2;9;18;14m [38;2;111;215;163mk[38;2;111;215;163mk[38;2;100;211;163mk[38;2;61;192;161md[38;2;48;182;151mo[38;2;37;177;147ml[38;2;23;171;143ml[38;2;8;164;140mc[38;2;0;162;137mc[38;2;0;162;137mc[38;2;0;161;138mc[38;2;1;159;139m:[38;2;1;157;140m:[38;2;1;155;140m:[38;2;1;153;141m:[38;2;1;153;141m:[38;2;7;157;142mc[38;2;22;165;145mc[38;2;36;173;148ml[38;2;48;180;151mo[38;2;48;188;157mo[38;2;57;194;160md[38;2;62;195;164mdd[38;2;11;35;29m [38;2;30;30;30m [38;2;0;0;0m        [0m
[0m[38;2;0;0;0m         [38;2;3;3;3m [38;2;87;87;87m [38;2;39;117;93m;[38;2;56;194;161md[38;2;93;208;163mk[38;2;110;215;163mk[38;2;111;215;163mk[38;2;111;215;163mk[38;2;111;215;163mk[38;2;99;209;161mk[38;2;84;200;158mx[38;2;69;192;155md[38;2;40;177;152mo[38;2;38;176;152ml[38;2;68;191;154md[38;2;80;198;157mx[38;2;88;204;160mx[38;2;94;208;163mk[38;2;88;206;163mx[38;2;81;203;164mx[38;2;74;200;164mx[38;2;53;192;161md[38;2;21;183;151ml[38;2;22;128;106m;[38;2;85;85;85m [38;2;5;5;5m [38;2;0;0;0m         [0m
[0m[38;2;0;0;0m           [38;2;9;9;9m [38;2;35;35;35m [38;2;58;58;58m [38;2;79;79;79m [38;2;104;104;104m [38;2;127;127;127m [38;2;1;1;1m [38;2;86;195;154md[38;2;93;208;163mk[38;2;88;206;163mx[38;2;48;192;157md[38;2;38;188;156mo[38;2;68;197;164md[38;2;62;195;164md[38;2;61;193;162md[38;2;4;11;9m [38;2;121;121;121m [38;2;101;101;101m [38;2;80;80;80m [38;2;60;60;60m [38;2;38;38;38m [38;2;11;11;11m [38;2;0;0;0m           [0m
[0m[38;2;0;0;0m                 [38;2;1;1;1m [38;2;31;31;31m [38;2;70;70;70m [38;2;110;110;110m [38;2;14;90;74m'[38;2;14;99;81m'[38;2;114;114;114m [38;2;74;74;74m [38;2;34;34;34m [38;2;2;2;2m [38;2;0;0;0m                 [0m
