[0m[38;2;0;0;0m                                            [0m
[0m[38;2;0;0;0m                                            [0m
[0m[38;2;0;0;0m                      [38;2;0;16;18m [38;2;0;0;0m                     [0m
[0m[38;2;0;0;0m                    [38;2;0;2;2m [38;2;72;136;139mc[38;2;212;250;251mW[38;2;122;169;171md[38;2;19;55;58m.[38;2;0;0;0m                   [0m
[0m[38;2;0;0;0m                 [38;2;2;22;22m [38;2;98;154;156mo[38;2;159;208;209m0[38;2;135;190;192mk[38;2;209;255;255mW[38;2;62;255;255m0[38;2;82;255;255mK[38;2;221;255;255mW[38;2;141;192;195mk[38;2;36;77;83m'[38;2;0;3;4m [38;2;0;0;0m                [0m
[0m[38;2;0;0;0m             [38;2;0;10;10m [38;2;9;63;67m.[38;2;28;76;78m.[38;2;109;165;166md[38;2;126;245;246mK[38;2;201;255;255mW[38;2;185;255;255mN[38;2;90;255;255mK[38;2;41;255;255mO[38;2;0;255;255mkk[38;2;17;255;255mO[38;2;18;251;255mO[38;2;87;243;255m0[38;2;86;203;221mk[38;2;52;104;117m;[38;2;2;16;21m [38;2;0;0;0m              [0m
[0m[38;2;0;0;0m           [38;2;0;3;4m [38;2;1;99;100m'[38;2;27;227;228mx[38;2;37;255;255mO[38;2;13;255;255mO[38;2;6;255;255mO[38;2;0;255;255mk[38;2;3;255;255mk[38;2;0;255;255mk[38;2;0;255;255mkkkk[38;2;0;255;255mk[38;2;0;250;255mk[38;2;0;236;255mx[38;2;0;222;255mx[38;2;5;209;255md[38;2;30;196;247md[38;2;10;123;169m;[38;2;0;46;74m.[38;2;0;2;4m [38;2;0;0;0m           [0m
[0m[38;2;0;0;0m           [38;2;0;57;58m.[38;2;0;103;103m'[38;2;0;103;103m'[38;2;0;103;103m'[38;2;0;103;103m'[38;2;0;102;103m'[38;2;0;102;103m'[38;2;0;102;103m'[38;2;0;102;103m'[38;2;0;102;103m'[38;2;0;101;103m'[38;2;0;101;103m'[38;2;0;101;103m'[38;2;0;101;103m'[38;2;0;98;103m'[38;2;0;93;103m'[38;2;0;87;103m.[38;2;0;81;103m.[38;2;0;75;103m.[38;2;0;70;103m.[38;2;0;65;103m.[38;2;0;43;77m.[38;2;0;2;5m [38;2;0;0;0m          [0m
[0m[38;2;0;0;0m          [38;2;0;37;37m [38;2;0;138;138m;;;;;;[38;2;0;137;138m;[38;2;0;55;57m.[38;2;0;0;0m   [38;2;0;52;57m.[38;2;0;134;136m;[38;2;0;137;138m;[38;2;0;133;138m;[38;2;0;126;138m;[38;2;0;118;138m,[38;2;0;111;138m,[38;2;0;104;138m,[38;2;0;96;138m'[38;2;0;89;138m'[38;2;0;83;138m'[38;2;0;21;41m [38;2;0;0;0m          [0m
[0m[38;2;0;0;0m          [38;2;0;68;68m.[38;2;0;255;255mk[38;2;0;143;147m:[38;2;0;57;57m....[38;2;0;118;120m,[38;2;0;240;241mk[38;2;0;151;154m:[38;2;0;19;20m [38;2;0;0;0m  [38;2;0;37;40m [38;2;0;69;72m.[38;2;0;67;72m.[38;2;0;63;72m.[38;2;0;60;72m.[38;2;0;56;72m.[38;2;0;52;72m.[38;2;0;49;72m.[38;2;0;94;151m'[38;2;0;157;255mc[38;2;0;40;76m.[38;2;0;0;0m          [0m
[0m[38;2;0;0;0m          [38;2;0;68;68m.[38;2;0;255;255mk[38;2;0;110;116m,[38;2;0;0;0m     [38;2;0;31;32m [38;2;0;174;177ml[38;2;0;233;234mx[38;2;0;94;97m'[38;2;0;1;1m [38;2;0;0;0m        [38;2;0;66;110m.[38;2;0;157;255mc[38;2;0;40;76m.[38;2;0;0;0m          [0m
[0m[38;2;0;0;0m          [38;2;0;68;68m.[38;2;0;255;255mk[38;2;0;110;116m,[38;2;0;0;0m     [38;2;0;61;63m.[38;2;0;2;3m [38;2;0;78;80m.[38;2;0;224;226mx[38;2;0;191;194mo[38;2;0;44;46m.[38;2;0;0;0m       [38;2;0;66;110m.[38;2;0;157;255mc[38;2;0;40;76m.[38;2;0;0;0m          [0m
[0m[38;2;0;0;0m          [38;2;0;68;68m.[38;2;0;255;255mk[38;2;0;110;116m,[38;2;0;0;0m     [38;2;0;175;176ml[38;2;0;199;201mo[38;2;0;50;52m.[38;2;0;12;13m [38;2;0;138;141m;[38;2;0;244;245mk[38;2;0;137;140m;[38;2;0;12;14m [38;2;0;0;0m     [38;2;0;66;110m.[38;2;0;157;255mc[38;2;0;40;76m.[38;2;0;0;0m          [0m
[0m[38;2;0;0;0m          [38;2;0;68;68m.[38;2;0;255;255mk[38;2;0;110;116m,[38;2;0;0;0m     [38;2;0;11;12m [38;2;0;133;135m;[38;2;0;244;245mk[38;2;0;140;143m:[38;2;0;13;14m [38;2;0;46;48m.[38;2;0;194;197mo[38;2;0;178;185ml[38;2;0;0;0m     [38;2;0;66;110m.[38;2;0;157;255mc[38;2;0;40;76m.[38;2;0;0;0m          [0m
[0m[38;2;0;0;0m          [38;2;0;68;68m.[38;2;0;255;255mk[38;2;0;110;116m,[38;2;0;0;0m       [38;2;0;41;43m.[38;2;0;192;194mo[38;2;0;225;227mx[38;2;0;79;83m.[38;2;0;1;2m [38;2;0;60;65m.[38;2;0;0;0m     [38;2;0;66;110m.[38;2;0;157;255mc[38;2;0;40;77m.[38;2;0;0;0m          [0m
[0m[38;2;0;0;0m          [38;2;0;68;68m.[38;2;0;255;255mk[38;2;0;110;116m,[38;2;0;0;0m        [38;2;0;1;2m [38;2;0;96;98m'[38;2;0;232;234mx[38;2;0;174;178ml[38;2;0;31;33m [38;2;0;0;0m     [38;2;0;66;110m.[38;2;0;157;255mc[38;2;0;40;76m.[38;2;0;0;0m          [0m
[0m[38;2;0;0;0m          [38;2;0;68;68m.[38;2;0;255;255mk[38;2;0;147;153m:[38;2;0;65;67m.[38;2;0;65;67m.[38;2;0;65;67m.[38;2;0;65;67m.[38;2;0;65;67m.[38;2;0;65;67m.[38;2;0;65;67m.[38;2;0;36;38m [38;2;0;0;0m  [38;2;0;18;20m [38;2;0;150;153m:[38;2;0;234;242mx[38;2;0;108;120m,[38;2;0;45;53m.[38;2;0;42;53m.[38;2;0;39;53m.[38;2;0;36;53m [38;2;0;87;140m'[38;2;0;157;255mc[38;2;0;40;76m.[38;2;0;0;0m          [0m
[0m[38;2;0;0;0m          [38;2;0;38;38m [38;2;0;142;142m:::::::::[38;2;0;139;140m;[38;2;0;55;59m.[38;2;0;0;0m   [38;2;0;52;57m.[38;2;0;129;141m;[38;2;0;122;142m;[38;2;0;115;142m,[38;2;0;107;142m,[38;2;0;99;142m'[38;2;0;92;142m'[38;2;0;86;142m'[38;2;0;22;43m [38;2;0;0;0m          [0m
[0m[38;2;0;0;0m                                            [0m
[0m[38;2;0;0;0m                                            [0m
[0m[38;2;0;0;0m                                            [0m
[0m[38;2;0;0;0m                                            [0m
