[0m[38;2;96;96;96m                  [38;2;30;47;31m.[38;2;82;125;74m:[38;2;93;139;73mc[38;2;131;186;67md[38;2;140;198;62mx[38;2;135;191;66mx[38;2;77;114;58m:[38;2;96;96;96m                   [0m
[0m[38;2;96;96;96m                [38;2;80;121;69m:[38;2;123;176;66md[38;2;138;196;63mx[38;2;140;198;62mx[38;2;140;198;62mx[38;2;140;198;62mxx[38;2;140;198;62mx[38;2;139;197;62mx[38;2;133;189;64mx[38;2;126;181;65md[38;2;112;162;69mo[38;2;64;98;57m,[38;2;96;96;96m               [0m
[0m[38;2;96;96;96m              [38;2;59;89;49m,[38;2;126;180;66md[38;2;138;195;62mx[38;2;138;195;62mx[38;2;138;195;62mx[38;2;138;195;62mx[38;2;138;195;62mx[38;2;138;195;62mx[38;2;138;195;62mx[38;2;138;195;62mx[38;2;138;195;62mx[38;2;138;195;62mx[38;2;138;195;62mx[38;2;138;195;62mx[38;2;137;194;63mx[38;2;51;76;41m'[38;2;96;96;96m              [0m
[0m[38;2;96;96;96m           [38;2;17;26;17m [38;2;93;140;72mc[38;2;107;158;68ml[38;2;127;183;65md[38;2;132;190;62mx[38;2;132;190;62mx[38;2;132;190;62mx[38;2;132;190;62mx[38;2;132;190;62mx[38;2;132;190;62mx[38;2;132;190;62mx[38;2;132;190;62mx[38;2;132;190;62mx[38;2;132;190;62mx[38;2;132;190;62mx[38;2;132;190;62mx[38;2;132;190;62mx[38;2;132;190;62mx[38;2;125;181;64md[38;2;107;158;69ml[38;2;91;137;73mc[38;2;23;35;23m [38;2;96;96;96m           [0m
[0m[38;2;96;96;96m           [38;2;79;118;51m:[38;2;125;184;62md[38;2;125;184;62md[38;2;125;184;62md[38;2;125;184;62md[38;2;125;184;62md[38;2;125;184;62md[38;2;125;184;62md[38;2;125;184;62md[38;2;125;184;62md[38;2;125;184;62md[38;2;125;184;62md[38;2;125;184;62md[38;2;125;184;62md[38;2;125;184;62md[38;2;125;184;62md[38;2;125;184;62md[38;2;125;184;62md[38;2;125;184;62md[38;2;125;184;62md[38;2;125;184;62md[38;2;119;176;64md[38;2;81;123;65m:[38;2;96;96;96m          [0m
[0m[38;2;96;96;96m         [38;2;40;62;39m.[38;2;97;150;68ml[38;2;113;171;64mo[38;2;116;177;62md[38;2;116;177;62md[38;2;116;177;62md[38;2;116;177;62md[38;2;116;177;62md[38;2;116;177;62md[38;2;116;177;62md[38;2;116;177;62md[38;2;116;177;62md[38;2;116;177;62md[38;2;116;177;62md[38;2;116;177;62md[38;2;116;177;62md[38;2;116;177;62md[38;2;116;177;62md[38;2;116;177;62md[38;2;116;177;62md[38;2;116;177;62md[38;2;116;177;62md[38;2;116;177;62md[38;2;116;177;62md[38;2;116;176;62md[38;2;91;140;71mc[38;2;6;9;6m [38;2;96;96;96m        [0m
[0m[38;2;96;96;96m         [38;2;76;118;51m;[38;2;107;169;62mo[38;2;107;169;62mo[38;2;107;169;62mo[38;2;107;169;62mo[38;2;107;169;62mo[38;2;107;169;62mo[38;2;107;169;62mo[38;2;107;169;62mo[38;2;107;169;62mo[38;2;107;169;62mo[38;2;107;169;62mo[38;2;107;169;62mo[38;2;107;169;62mo[38;2;107;169;62mo[38;2;107;169;62mo[38;2;107;169;62mo[38;2;107;169;62mo[38;2;107;169;62mo[38;2;107;169;62mo[38;2;107;169;62mo[38;2;107;169;62mo[38;2;107;169;62mo[38;2;107;169;62mo[38;2;107;169;62mo[38;2;107;169;62mo[38;2;51;80;42m'[38;2;96;96;96m        [0m
[0m[38;2;96;96;96m         [38;2;117;117;117m [38;2;90;149;57mc[38;2;97;161;62ml[38;2;97;161;62ml[38;2;97;161;62ml[38;2;97;161;62ml[38;2;97;161;62ml[38;2;97;161;62ml[38;2;97;161;62ml[38;2;97;161;62ml[38;2;97;161;62ml[38;2;97;161;62ml[38;2;97;161;62ml[38;2;97;161;62ml[38;2;97;161;62ml[38;2;97;161;62ml[38;2;97;161;62ml[38;2;97;161;62ml[38;2;97;161;62ml[38;2;97;161;62ml[38;2;97;161;62ml[38;2;97;161;62ml[38;2;97;161;62ml[38;2;97;161;62ml[38;2;97;161;62ml[38;2;97;161;62ml[38;2;22;35;18m [38;2;96;96;96m        [0m
[0m[38;2;96;96;96m          [38;2;104;104;104m [38;2;6;10;5m [38;2;87;152;62ml[38;2;87;152;62ml[38;2;87;152;62ml[38;2;87;152;62ml[38;2;87;152;62ml[38;2;87;152;62ml[38;2;87;152;62ml[38;2;87;152;62ml[38;2;87;152;62ml[38;2;87;152;62ml[38;2;87;152;62ml[38;2;87;152;62ml[38;2;87;152;62ml[38;2;87;152;62ml[38;2;87;152;62ml[38;2;87;152;62ml[38;2;87;152;62ml[38;2;87;152;62ml[38;2;87;152;62ml[38;2;87;152;62ml[38;2;85;149;61ml[38;2;2;4;2m [38;2;116;116;116m [38;2;98;98;98m [38;2;96;96;96m        [0m
[0m[38;2;96;96;96m           [38;2;96;96;96m [38;2;105;105;105m [38;2;109;109;109m [38;2;111;111;111m [38;2;110;110;110m [38;2;113;113;113m [38;2;42;73;38m.[38;2;109;109;109m [38;2;4;7;3m [38;2;115;115;115m [38;2;29;55;23m.[38;2;74;141;60mc[38;2;10;18;8m [38;2;32;60;26m.[38;2;76;145;61mc[38;2;76;145;61mc[38;2;76;145;61mc[38;2;76;145;61mc[38;2;76;145;61mc[38;2;8;15;7m [38;2;111;111;111m [38;2;101;101;101m [38;2;96;96;96m [38;2;96;96;96m          [0m
[0m[38;2;96;96;96m                 [38;2;102;102;102m [38;2;102;102;102m [38;2;66;114;69m:[38;2;52;90;53m'[38;2;19;30;20m [38;2;99;99;99m [38;2;54;89;57m,[38;2;9;16;9m [38;2;102;102;102m [38;2;102;102;102m [38;2;101;101;101m [38;2;102;102;102m [38;2;100;100;100m [38;2;97;97;97m [38;2;96;96;96m             [0m
[0m[38;2;96;96;96m                   [38;2;99;99;99m [38;2;46;124;56m;[38;2;50;128;61m;[38;2;51;126;62m;[38;2;22;48;25m.[38;2;96;96;96m [38;2;96;96;96m                   [0m
[0m[38;2;96;96;96m                   [38;2;96;96;96m [38;2;29;84;44m'[38;2;31;121;58m;[38;2;31;121;58m;[38;2;4;7;4m [38;2;96;96;96m                    [0m
[0m[38;2;96;96;96m                    [38;2;26;97;52m'[38;2;16;114;56m,[38;2;16;114;56m,[38;2;13;23;15m [38;2;96;96;96m                    [0m
[0m[38;2;96;96;96m                   [38;2;21;34;23m [38;2;12;107;55m'[38;2;9;107;55m'[38;2;9;107;55m'[38;2;37;83;51m'[38;2;96;96;96m                    [0m
[0m[38;2;96;96;96m                   [38;2;99;99;99m [38;2;89;117;105m:[38;2;95;128;114mc[38;2;97;128;115mc[38;2;22;33;26m [38;2;97;97;97m [38;2;96;96;96m                   [0m
[0m[38;2;96;96;96m                    [38;2;88;94;90m;[38;2;142;144;146md[38;2;142;143;146md[38;2;5;7;6m [38;2;96;96;96m                    [0m
[0m[38;2;96;96;96m                   [38;2;10;15;11m [38;2;122;127;124mc[38;2;130;131;132mo[38;2;131;132;133mo[38;2;44;55;45m.[38;2;96;96;96m                    [0m
[0m[38;2;96;96;96m                 [38;2;2;4;3m [38;2;25;32;26m [38;2;171;171;171m [38;2;28;30;28m.[38;2;161;161;161m [38;2;148;148;148m [38;2;177;177;177m [38;2;40;48;41m.[38;2;10;16;11m [38;2;96;96;96m                  [0m
[0m[38;2;96;96;96m           [38;2;96;96;96m [38;2;23;30;24m [38;2;30;35;30m.[38;2;33;37;33m.[38;2;33;38;34m.[38;2;33;38;34m.[38;2;37;41;38m.[38;2;31;36;31m.[38;2;36;40;37m.[38;2;43;46;44m.[38;2;43;45;43m.[38;2;43;45;43m.[38;2;42;44;42m.[38;2;45;47;45m.[38;2;49;50;49m.[38;2;50;51;50m.[38;2;51;51;51m.[38;2;49;50;49m.[38;2;46;47;46m.[38;2;40;43;41m.[38;2;32;37;33m.[38;2;11;16;12m [38;2;96;96;96m           [0m
[0m[38;2;96;96;96m         [38;2;1;2;1m [38;2;8;9;8m [38;2;11;12;11m [38;2;15;15;15m [38;2;15;15;15m [38;2;15;15;15m [38;2;15;15;15m [38;2;15;15;15m [38;2;15;15;15m [38;2;15;15;15m [38;2;15;15;15m [38;2;15;15;15m [38;2;15;15;15m [38;2;15;15;15m [38;2;15;15;15m [38;2;15;15;15m [38;2;15;15;15m [38;2;15;15;15m [38;2;15;15;15m [38;2;15;15;15m [38;2;15;15;15m [38;2;15;15;15m [38;2;15;15;15m [38;2;15;15;15m [38;2;14;14;14m [38;2;11;12;12m [38;2;2;3;2m [38;2;96;96;96m        [0m
[0m[38;2;96;96;96m         [38;2;176;176;176m [38;2;239;239;239m                         [38;2;171;171;171m [38;2;96;96;96m        [0m
